temperature = 1.891313,   bestPathLength = 2828.250368


temperature = 0.079499,   bestPathLength = 1886.420158